[guid]
        guid_g0                          = 5723503490787537849
        guid_g1                          = 15527435521999281576
 
[main]
        flags                            = 0
        glow_tool_version                = 0
        objects_count                    = 1
 
[modif]
        name                             =
        time                             = 0
 
[object_0]
        clsid                            = 1
        co_flags                         = 0
        flags                            = 0
        name                             = glow
        position                         = 2.416790, 1.000000, -1.960508
        radius                           = 0.500000
        rotation                         = 0.000000, 0.000000, 0.000000
        scale                            = 0.500000, 0.500000, 0.500000
        shader_name                      = effects\glow
        texture_name                     = glow\glow_04
        version                          = 18
 
