[guid]
        guid_g0                          = 5627317999940724443
        guid_g1                          = 503233673112752778
 
[main]
        objects_count                    = 1
        version                          = 0
 
[modif]
        name                             =
        time                             = 0
 
[object_0]
        clsid                            = 4
        co_flags                         = 0
        name                             = level_bbox
        position                         = -416.430496, 1.939144, -355.755360
        rotation                         = 0.000000, 0.000000, 0.000000
        scale                            = 100.000000, 100.000000, 100.000000
        shape_matrix_c_0                 = 0.000000, 0.000000, 0.000000
        shape_matrix_i_0                 = 1.000000, 0.000000, 0.000000
        shape_matrix_j_0                 = 0.000000, 1.000000, 0.000000
        shape_matrix_k_0                 = 0.000000, 0.000000, 1.000000
        shape_type                       = 1
        shape_type_0                     = 1
        shapes_count                     = 1
        version                          = 2
 
