[build_params]
        light_jitter_samples             = 9
        light_pixel_per_meter            = 10.000000
        light_quality                    = 1
        light_quality_reserved           = 0
        light_rms                        = 4
        light_rms_zero                   = 4
        reserved_0                       = 0.500000
        reserved_1                       = 1.000000
        reserved_2                       = 1.000000
        reserved_3                       = 150.000000
        reserved_4                       = 0.040000
        reserved_5                       = 0.850000
        smooth_angle                     = 75.000000
        weld_distance                    = 0.005000
 
[camera]
        hpb                              = 0.427178, -0.446831, 0.000000
        pos                              = 6.564334, 5.447986, -11.462642
 
[guid]
        guid_g0                          = 5723503490787537849
        guid_g1                          = 15527435521999281576
 
[level_options]
        bop                              = ""
        game_type                        = 30
        level_path                       = mp_test
        level_prefix                     = test
        light_hemi_quality               = 3
        light_sun_quality                = 3
        map_version                      = 1.0
        version                          = 12
        version_bp                       = 9
 
[level_tag]
        create_time                      = 1220014361
        owner                            = \\MEGATHREE\Usercheg
 
[version]
        value                            = 5
 
